# test potential 1 2 iteration number 7 from file new_lammps_input_7 compared to correct distribution /scr/gf/james/water_graphene_TIP4P/mapping/density_profile.1.dat potential created from matching density profile perpendicular to type 2# POTENTIAL FOR types [OH2] [CH2][C]([CH2])[CH2]

TABLE_[OH2]_[CH2][C]([CH2])[CH2]
N 134

0 1.65 196.62574026770233 565.6013250001283
1 1.75 143.84184842154497 485.358748859028
2 1.85 100.25501716038877 384.0853727831637
3 1.95 67.2308018592449 276.73062461279744
4 2.05 44.570339747019545 179.43146290368617
5 2.15 30.543478087628188 105.84868091298831
6 2.25 22.365309758860093 63.03087654613443
7 2.35 16.998764509696798 47.13661399104885
8 2.45 12.727638103392309 38.927952447024985
9 2.55 9.07742047267729 34.309632838894224
10 2.65 5.921785496474769 28.355224078519612
11 2.75 3.4845313037913854 20.159090589768482
12 2.85 1.8912546051588777 11.950043632680723
13 2.95 1.0017446963941836 6.439135313666443
14 3.05 0.4905961111204249 4.058537759011055
15 3.15 0.1878771521794249 2.048480919893916
16 3.25 0.04511232024080414 0.9752293374394364
17 3.35 -0.027950644167560768 0.5542994544803804
18 3.45 -0.07534505338617237 0.42314632061737173
19 3.55 -0.11509137824450022 0.36834418212120873
20 3.65 -0.14626194549649085 0.24131605154902172
21 3.75 -0.16148729458384992 0.0567488271666297
22 3.85 -0.15728773603925106 -0.132161645716488
23 3.95 -0.13861939936268186 -0.22142391820559185
24 4.05 -0.11664291791612413 -0.20128309192661148
25 4.15 -0.1011297663387154 -0.10155780443393712
26 4.25 -0.0960712369565897 -0.01083090735889278
27 4.35 -0.09563577094095876 -0.00975048321028615
28 4.45 -0.09321870960530987 -0.04074509051937972
29 4.55 -0.08684239187834919 -0.092918945030184
30 4.65 -0.07342174727119755 -0.17366419976614475
31 4.75 -0.05387391094711802 -0.21110961590417915
32 4.85 -0.03163178574530434 -0.22873368680850364
33 4.95 -0.00978039369653061 -0.20276863759765734
34 5.05 0.008605376714314161 -0.16370336794471704
35 5.15 0.022639825330998065 -0.1172311445798553
36 5.25 0.032398485001522204 -0.07824070655349283
37 5.35 0.03806282962551677 -0.03544354649374653
38 5.45 0.0398479246503598 -0.00028739955400586097
39 5.55 0.037742489294515735 0.043309538374929735
40 5.65 0.03137785287358952 0.08225133224359212
41 5.75 0.021742172621543432 0.10710427441596587
42 5.85 0.010791859911222446 0.10808559395091985
43 5.95 0.0008174484341907373 0.0871138185282042
44 6.05 -0.005720570267754965 0.041141281127533166
45 6.15 -0.007411531363118229 -0.006193794951177738
46 6.25 -0.004816744855133948 -0.04325310344453491
47 6.35 0.000557352324619842 -0.05971668343110863
48 6.45 0.00615669254398199 -0.048759167269254014
49 6.55 0.009911035043728589 -0.02454456112926856
50 6.65 0.010775166718474338 0.0068240200913624515
51 6.75 0.008983489236953801 0.026917449998912428
52 6.85 0.005772460975322247 0.03393265065274638
53 6.95 0.003006879050559519 0.019879770854528748
54 7.05 0.0016076455276845536 0.008049492758014433
55 7.15 0.0016525728729845923 -0.008451003550627329
56 7.25 0.002830964546035375 -0.013817853385002481
57 7.35 0.004385088422992567 -0.015596783043578824
58 7.45 0.005388208260001193 -0.003908276451102332
59 7.55 0.005464353807838052 0.0026635569074883007
60 7.65 0.004467006658359196 0.016874502868645162
61 7.75 0.002634584346651536 0.01881623338889853
62 7.85 0.0004967532512409889 0.023333043928203547
63 7.95 -0.0015582044067059542 0.01703162068890535
64 8.05 -0.0031178610933864093 0.013865192383465235
65 8.15 -0.00403640618392842 0.005287192080364396
66 8.25 -0.004650659968348236 0.0062157835415346105
67 8.35 -0.004622442378433789 -0.006504218688431124
68 8.45 -0.004079306250076797 -0.0037845136071352143
69 8.55 -0.0033015540523706477 -0.012180300331245366
70 8.65 -0.0021390838959689518 -0.010547431011710694
71 8.75 -0.0008631713048714573 -0.014352258200001543
72 8.85 0.00016068159987980835 -0.0055220553595001064
73 8.95 0.0006018225405739486 -0.003333725865465176
74 9.05 0.00045008055039374995 0.006298864578145097
75 9.15 -0.00021926249388570795 0.006312332092055334
76 9.25 -0.000995556862221747 0.008826903916515251
77 9.35 -0.0016132980686620613 0.0028600082920170497
78 9.45 -0.0017124286860621396 -0.0010127739288573077
79 9.55 -0.0012241828604260263 -0.008105767888456749
80 9.65 -0.0004802188467465385 -0.006468716252786218
81 9.75 0.00029924508390877236 -0.008410532962392052
82 9.85 0.0007168922076346007 0.0005988348524539412
83 9.95 0.0004934693496352338 0.003332212756283322
84 10.05 -0.00010489041017081036 0.008145171989000163
85 10.15 -0.0007783092037527695 0.004761160579357798
86 10.25 -0.001217728772303417 0.003956309099568408
87 10.35 -0.0013479998716547925 -0.001582611769035625
88 10.45 -0.0010676040683392785 -0.0036675047089126684
89 10.55 -0.0005450618819509145 -0.006759199852777515
90 10.65 0.00016592964192341242 -0.00698588096732854
91 10.75 0.0008128049361744161 -0.005671949316935845
92 10.85 0.001221241813254892 -0.0022818501374781753
93 10.95 0.0012734433634022935 0.0011647008595117858
94 11.05 0.001012639867639109 0.0037030080971652973
95 11.15 0.0006312018301457556 0.0036350704280232937
96 11.25 0.00029509791900750315 0.0030228176405631925
97 11.35 6.38914449098138e-05 0.0013426293922792795
98 11.45 6.744350494614082e-05 -0.0013598778930045642
99 11.55 0.0002865971288201763 -0.002919299725042206
100 11.65 0.0006528488498815932 -0.004128406655263451
101 11.75 0.0010219532722999247 -0.0032459491437349134
102 11.85 0.0013703341045356865 -0.0036047962068883944
103 11.95 0.001638867027793367 -0.0017598214726446625
104 12.05 0.0018242782701065607 -0.0020602070839373307
105 12.15 0.0019851360673044383 -0.0012163172616854424
106 12.25 0.0021561069412996403 -0.002190942930134444
107 12.35 0.002331160545622879 -0.0012517267098224325
108 12.45 0.002476022574541048 -0.0015562095087571855
109 12.55 0.002536291706007887 0.0004874072831192671
110 12.65 0.0024321594876823838 0.0017362977332261987
111 12.75 0.0020933068017541245 0.004899951438653289
112 12.85 0.0015892813540858697 0.005056588213642967
113 12.95 0.001004315478951412 0.006338580159777072
114 13.05 0.0005039961698969364 0.0035215267487923164
115 13.15 0.0001861722637102048 0.00264491649526892
116 13.25 0.0001537384600283076 -0.00200750635432641
117 13.35 0.00041470192078918444 -0.0030692118902763293
118 13.45 0.000890540751044 -0.006291370586069069
119 13.55 0.0014794722712565544 -0.005156098486651671
120 13.65 0.001997375035927007 -0.004987335339582051
121 13.75 0.002304685565889031 -0.0008449816839505512
122 13.85 0.0022374200628121343 0.0021164104873450692
123 13.95 0.0018259322387166321 0.0059311907597035555
124 14.05 0.0011837308970257254 0.006538093615361702
125 14.15 0.0005279047802844161 0.006166233692003398
126 14.25 9.862702961527248e-05 0.002112551235142156
127 14.35 7.031139449509283e-05 -0.00155461763623342
128 14.45 0.0004450386631447145 -0.005590982376755285
129 14.55 0.0010238327818683501 -0.005486453419644303
130 14.65 0.0015125352950917659 -0.0037378388793861466
131 14.75 0.0015933995958619107 0.0024794587672384944
132 14.85 0.001069981138869025 0.001778984281970419
133 14.95 -0.0 0.0014206591980771942
