OH OH OH 0.6 2.2 1.8 10.0 1.2 -0.333333333333 7.049556277 0.6022245583 4.0 0.0 0.0
OH OH Na+ 0.0 0.0 1.8 0.0 1.2 0.0 7.049556277 0.6022245583 4.0 0.0 0.0
OH OH H2O 0.8 0.0 1.8 8.0 1.2 -0.333333333333 7.049556277 0.6022245583 4.0 0.0 0.0
OH OH OA 0.0 0.0 1.8 0.0 1.2 0.0 7.049556277 0.6022245583 4.0 0.0 0.0
OH OH COA 0.0 0.0 1.8 0.0 1.2 0.0 7.049556277 0.6022245583 4.0 0.0 0.0
OH OH CH2 0.0 0.0 1.8 0.0 1.2 0.0 7.049556277 0.6022245583 4.0 0.0 0.0
OH Na+ OH 0.0 0.0 1.8 0.0 1.2 0.0 7.049556277 0.6022245583 4.0 0.0 0.0
OH Na+ Na+ 0.7 1.85 1.8 0.0 1.2 0.0 7.049556277 0.6022245583 4.0 0.0 0.0
OH Na+ H2O 0.0 0.0 1.8 0.0 1.2 0.0 7.049556277 0.6022245583 4.0 0.0 0.0
OH Na+ OA 0.0 0.0 1.8 0.0 1.2 0.0 7.049556277 0.6022245583 4.0 0.0 0.0
OH Na+ COA 0.0 0.0 1.8 0.0 1.2 0.0 7.049556277 0.6022245583 4.0 0.0 0.0
OH Na+ CH2 0.0 0.0 1.8 0.0 1.2 0.0 7.049556277 0.6022245583 4.0 0.0 0.0
OH H2O OH 0.8 0.0 1.8 8.0 1.2 -0.333333333333 7.049556277 0.6022245583 4.0 0.0 0.0
OH H2O Na+ 0.0 0.0 1.8 0.0 1.2 0.0 7.049556277 0.6022245583 4.0 0.0 0.0
OH H2O H2O 0.8 2.6 1.8 8.0 1.2 -0.333333333333 7.049556277 0.6022245583 4.0 0.0 0.0
OH H2O OA 0.0 0.0 1.8 0.0 1.2 0.0 7.049556277 0.6022245583 4.0 0.0 0.0
OH H2O COA 0.0 0.0 1.8 0.0 1.2 0.0 7.049556277 0.6022245583 4.0 0.0 0.0
OH H2O CH2 0.0 0.0 1.8 0.0 1.2 0.0 7.049556277 0.6022245583 4.0 0.0 0.0
OH OA OH 0.0 0.0 1.8 0.0 1.2 0.0 7.049556277 0.6022245583 4.0 0.0 0.0
OH OA Na+ 0.0 0.0 1.8 0.0 1.2 0.0 7.049556277 0.6022245583 4.0 0.0 0.0
OH OA H2O 0.0 0.0 1.8 0.0 1.2 0.0 7.049556277 0.6022245583 4.0 0.0 0.0
OH OA OA 2.18 2.2 1.8 0.0 1.2 0.0 7.049556277 0.6022245583 4.0 0.0 0.0
OH OA COA 0.0 0.0 1.8 0.0 1.2 0.0 7.049556277 0.6022245583 4.0 0.0 0.0
OH OA CH2 0.0 0.0 1.8 0.0 1.2 0.0 7.049556277 0.6022245583 4.0 0.0 0.0
OH COA OH 0.0 0.0 1.8 0.0 1.2 0.0 7.049556277 0.6022245583 4.0 0.0 0.0
OH COA Na+ 0.0 0.0 1.8 0.0 1.2 0.0 7.049556277 0.6022245583 4.0 0.0 0.0
OH COA H2O 0.0 0.0 1.8 0.0 1.2 0.0 7.049556277 0.6022245583 4.0 0.0 0.0
OH COA OA 0.0 0.0 1.8 0.0 1.2 0.0 7.049556277 0.6022245583 4.0 0.0 0.0
OH COA COA 0.22 4.0 1.8 0.0 1.2 0.0 7.049556277 0.6022245583 4.0 0.0 0.0
OH COA CH2 0.0 0.0 1.8 0.0 1.2 0.0 7.049556277 0.6022245583 4.0 0.0 0.0
OH CH2 OH 0.0 0.0 1.8 0.0 1.2 0.0 7.049556277 0.6022245583 4.0 0.0 0.0
OH CH2 Na+ 0.0 0.0 1.8 0.0 1.2 0.0 7.049556277 0.6022245583 4.0 0.0 0.0
OH CH2 H2O 0.0 0.0 1.8 0.0 1.2 0.0 7.049556277 0.6022245583 4.0 0.0 0.0
OH CH2 OA 0.0 0.0 1.8 0.0 1.2 0.0 7.049556277 0.6022245583 4.0 0.0 0.0
OH CH2 COA 0.0 0.0 1.8 0.0 1.2 0.0 7.049556277 0.6022245583 4.0 0.0 0.0
OH CH2 CH2 0.12 3.7 1.8 0.0 1.2 0.0 7.049556277 0.6022245583 4.0 0.0 0.0
Na+ OH OH 0.7 1.85 1.8 0.0 1.2 0.0 7.049556277 0.6022245583 4.0 0.0 0.0
Na+ OH Na+ 0.0 0.0 1.8 0.0 1.2 0.0 7.049556277 0.6022245583 4.0 0.0 0.0
Na+ OH H2O 0.0 0.0 1.8 0.0 1.2 0.0 7.049556277 0.6022245583 4.0 0.0 0.0
Na+ OH OA 0.0 0.0 1.8 0.0 1.2 0.0 7.049556277 0.6022245583 4.0 0.0 0.0
Na+ OH COA 0.0 0.0 1.8 0.0 1.2 0.0 7.049556277 0.6022245583 4.0 0.0 0.0
Na+ OH CH2 0.0 0.0 1.8 0.0 1.2 0.0 7.049556277 0.6022245583 4.0 0.0 0.0
Na+ Na+ OH 0.0 0.0 1.8 0.0 1.2 0.0 7.049556277 0.6022245583 4.0 0.0 0.0
Na+ Na+ Na+ 0.0 0.0 1.8 0.0 1.2 0.0 7.049556277 0.6022245583 4.0 0.0 0.0
Na+ Na+ H2O 16.0 0.0 1.8 7 1.2 -0.333333333333 7.049556277 0.6022245583 4.0 0.0 0.0
Na+ Na+ OA 0.0 0.0 1.8 0.0 1.2 0.0 7.049556277 0.6022245583 4.0 0.0 0.0
Na+ Na+ COA 0.0 0.0 1.8 0.0 1.2 0.0 7.049556277 0.6022245583 4.0 0.0 0.0
Na+ Na+ CH2 0.0 0.0 1.8 0.0 1.2 0.0 7.049556277 0.6022245583 4.0 0.0 0.0
Na+ H2O OH 0.0 0.0 1.8 0.0 1.2 0.0 7.049556277 0.6022245583 4.0 0.0 0.0
Na+ H2O Na+ 16.0 0.0 1.8 7 1.2 -0.333333333333 7.049556277 0.6022245583 4.0 0.0 0.0
Na+ H2O H2O 16.0 1.85 1.8 7 1.2 -0.333333333333 7.049556277 0.6022245583 4.0 0.0 0.0
Na+ H2O OA 0.0 0.0 1.8 0.0 1.2 0.0 7.049556277 0.6022245583 4.0 0.0 0.0
Na+ H2O COA 0.0 0.0 1.8 0.0 1.2 0.0 7.049556277 0.6022245583 4.0 0.0 0.0
Na+ H2O CH2 0.0 0.0 1.8 0.0 1.2 0.0 7.049556277 0.6022245583 4.0 0.0 0.0
Na+ OA OH 0.0 0.0 1.8 0.0 1.2 0.0 7.049556277 0.6022245583 4.0 0.0 0.0
Na+ OA Na+ 0.0 0.0 1.8 0.0 1.2 0.0 7.049556277 0.6022245583 4.0 0.0 0.0
Na+ OA H2O 0.0 0.0 1.8 0.0 1.2 0.0 7.049556277 0.6022245583 4.0 0.0 0.0
Na+ OA OA 3.1 1.9 1.8 0.0 1.2 0.0 7.049556277 0.6022245583 4.0 0.0 0.0
Na+ OA COA 0.0 0.0 1.8 0.0 1.2 0.0 7.049556277 0.6022245583 4.0 0.0 0.0
Na+ OA CH2 0.0 0.0 1.8 0.0 1.2 0.0 7.049556277 0.6022245583 4.0 0.0 0.0
Na+ COA OH 0.0 0.0 1.8 0.0 1.2 0.0 7.049556277 0.6022245583 4.0 0.0 0.0
Na+ COA Na+ 0.0 0.0 1.8 0.0 1.2 0.0 7.049556277 0.6022245583 4.0 0.0 0.0
Na+ COA H2O 0.0 0.0 1.8 0.0 1.2 0.0 7.049556277 0.6022245583 4.0 0.0 0.0
Na+ COA OA 0.0 0.0 1.8 0.0 1.2 0.0 7.049556277 0.6022245583 4.0 0.0 0.0
Na+ COA COA 0.01 2.6 1.8 0.0 1.2 0.0 7.049556277 0.6022245583 4.0 0.0 0.0
Na+ COA CH2 0.0 0.0 1.8 0.0 1.2 0.0 7.049556277 0.6022245583 4.0 0.0 0.0
Na+ CH2 OH 0.0 0.0 1.8 0.0 1.2 0.0 7.049556277 0.6022245583 4.0 0.0 0.0
Na+ CH2 Na+ 0.0 0.0 1.8 0.0 1.2 0.0 7.049556277 0.6022245583 4.0 0.0 0.0
Na+ CH2 H2O 0.0 0.0 1.8 0.0 1.2 0.0 7.049556277 0.6022245583 4.0 0.0 0.0
Na+ CH2 OA 0.0 0.0 1.8 0.0 1.2 0.0 7.049556277 0.6022245583 4.0 0.0 0.0
Na+ CH2 COA 0.0 0.0 1.8 0.0 1.2 0.0 7.049556277 0.6022245583 4.0 0.0 0.0
Na+ CH2 CH2 0.14 3.8 1.8 0.0 1.2 0.0 7.049556277 0.6022245583 4.0 0.0 0.0
H2O OH OH 0.8 2.6 1.8 8.0 1.2 -0.333333333333 7.049556277 0.6022245583 4.0 0.0 0.0
H2O OH Na+ 0.0 0.0 1.8 0.0 1.2 0.0 7.049556277 0.6022245583 4.0 0.0 0.0
H2O OH H2O 0.8 0.0 1.8 8.0 1.2 -0.333333333333 7.049556277 0.6022245583 4.0 0.0 0.0
H2O OH OA 0.0 0.0 1.8 0.0 1.2 0.0 7.049556277 0.6022245583 4.0 0.0 0.0
H2O OH COA 0.0 0.0 1.8 0.0 1.2 0.0 7.049556277 0.6022245583 4.0 0.0 0.0
H2O OH CH2 0.0 0.0 1.8 0.0 1.2 0.0 7.049556277 0.6022245583 4.0 0.0 0.0
H2O Na+ OH 0.0 0.0 1.8 0.0 1.2 0.0 7.049556277 0.6022245583 4.0 0.0 0.0
H2O Na+ Na+ 16.0 1.85 1.8 7 1.2 -0.333333333333 7.049556277 0.6022245583 4.0 0.0 0.0
H2O Na+ H2O 16.0 0.0 1.8 7 1.2 -0.333333333333 7.049556277 0.6022245583 4.0 0.0 0.0
H2O Na+ OA 0.0 0.0 1.8 0.0 1.2 0.0 7.049556277 0.6022245583 4.0 0.0 0.0
H2O Na+ COA 0.0 0.0 1.8 0.0 1.2 0.0 7.049556277 0.6022245583 4.0 0.0 0.0
H2O Na+ CH2 0.0 0.0 1.8 0.0 1.2 0.0 7.049556277 0.6022245583 4.0 0.0 0.0
H2O H2O OH 0.8 0.0 1.8 8.0 1.2 -0.333333333333 7.049556277 0.6022245583 4.0 0.0 0.0
H2O H2O Na+ 16.0 0.0 1.8 7 1.2 -0.333333333333 7.049556277 0.6022245583 4.0 0.0 0.0
H2O H2O H2O 6.189 2.3925 1.8 23.15 1.2 -0.333333333333 7.049556277 0.6022245583 4.0 0.0 0.0
H2O H2O OA 0.0 0.0 1.8 0.0 1.2 0.0 7.049556277 0.6022245583 4.0 0.0 0.0
H2O H2O COA 0.0 0.0 1.8 0.0 1.2 0.0 7.049556277 0.6022245583 4.0 0.0 0.0
H2O H2O CH2 0.0 0.0 1.8 0.0 1.2 0.0 7.049556277 0.6022245583 4.0 0.0 0.0
H2O OA OH 0.0 0.0 1.8 0.0 1.2 0.0 7.049556277 0.6022245583 4.0 0.0 0.0
H2O OA Na+ 0.0 0.0 1.8 0.0 1.2 0.0 7.049556277 0.6022245583 4.0 0.0 0.0
H2O OA H2O 0.0 0.0 1.8 0.0 1.2 0.0 7.049556277 0.6022245583 4.0 0.0 0.0
H2O OA OA 7.0 2.15 1.8 0.0 1.2 0.0 7.049556277 0.6022245583 4.0 0.0 0.0
H2O OA COA 0.0 0.0 1.8 0.0 1.2 0.0 7.049556277 0.6022245583 4.0 0.0 0.0
H2O OA CH2 0.0 0.0 1.8 0.0 1.2 0.0 7.049556277 0.6022245583 4.0 0.0 0.0
H2O COA OH 0.0 0.0 1.8 0.0 1.2 0.0 7.049556277 0.6022245583 4.0 0.0 0.0
H2O COA Na+ 0.0 0.0 1.8 0.0 1.2 0.0 7.049556277 0.6022245583 4.0 0.0 0.0
H2O COA H2O 0.0 0.0 1.8 0.0 1.2 0.0 7.049556277 0.6022245583 4.0 0.0 0.0
H2O COA OA 0.0 0.0 1.8 0.0 1.2 0.0 7.049556277 0.6022245583 4.0 0.0 0.0
H2O COA COA 1.3 3.7 1.8 0.0 1.2 0.0 7.049556277 0.6022245583 4.0 0.0 0.0
H2O COA CH2 0.0 0.0 1.8 0.0 1.2 0.0 7.049556277 0.6022245583 4.0 0.0 0.0
H2O CH2 OH 0.0 0.0 1.8 0.0 1.2 0.0 7.049556277 0.6022245583 4.0 0.0 0.0
H2O CH2 Na+ 0.0 0.0 1.8 0.0 1.2 0.0 7.049556277 0.6022245583 4.0 0.0 0.0
H2O CH2 H2O 0.0 0.0 1.8 0.0 1.2 0.0 7.049556277 0.6022245583 4.0 0.0 0.0
H2O CH2 OA 0.0 0.0 1.8 0.0 1.2 0.0 7.049556277 0.6022245583 4.0 0.0 0.0
H2O CH2 COA 0.0 0.0 1.8 0.0 1.2 0.0 7.049556277 0.6022245583 4.0 0.0 0.0
H2O CH2 CH2 0.1222 4.29 1.8 0.0 1.2 0.0 7.049556277 0.6022245583 4.0 0.0 0.0
OA OH OH 2.18 2.2 1.8 0.0 1.2 0.0 7.049556277 0.6022245583 4.0 0.0 0.0
OA OH Na+ 0.0 0.0 1.8 0.0 1.2 0.0 7.049556277 0.6022245583 4.0 0.0 0.0
OA OH H2O 0.0 0.0 1.8 0.0 1.2 0.0 7.049556277 0.6022245583 4.0 0.0 0.0
OA OH OA 0.0 0.0 1.8 0.0 1.2 0.0 7.049556277 0.6022245583 4.0 0.0 0.0
OA OH COA 0.0 0.0 1.8 0.0 1.2 0.0 7.049556277 0.6022245583 4.0 0.0 0.0
OA OH CH2 0.0 0.0 1.8 0.0 1.2 0.0 7.049556277 0.6022245583 4.0 0.0 0.0
OA Na+ OH 0.0 0.0 1.8 0.0 1.2 0.0 7.049556277 0.6022245583 4.0 0.0 0.0
OA Na+ Na+ 3.1 1.9 1.8 0.0 1.2 0.0 7.049556277 0.6022245583 4.0 0.0 0.0
OA Na+ H2O 0.0 0.0 1.8 0.0 1.2 0.0 7.049556277 0.6022245583 4.0 0.0 0.0
OA Na+ OA 0.0 0.0 1.8 0.0 1.2 0.0 7.049556277 0.6022245583 4.0 0.0 0.0
OA Na+ COA 0.0 0.0 1.8 0.0 1.2 0.0 7.049556277 0.6022245583 4.0 0.0 0.0
OA Na+ CH2 0.0 0.0 1.8 0.0 1.2 0.0 7.049556277 0.6022245583 4.0 0.0 0.0
OA H2O OH 0.0 0.0 1.8 0.0 1.2 0.0 7.049556277 0.6022245583 4.0 0.0 0.0
OA H2O Na+ 0.0 0.0 1.8 0.0 1.2 0.0 7.049556277 0.6022245583 4.0 0.0 0.0
OA H2O H2O 7.0 2.15 1.8 0.0 1.2 0.0 7.049556277 0.6022245583 4.0 0.0 0.0
OA H2O OA 0.0 0.0 1.8 0.0 1.2 0.0 7.049556277 0.6022245583 4.0 0.0 0.0
OA H2O COA 0.0 0.0 1.8 0.0 1.2 0.0 7.049556277 0.6022245583 4.0 0.0 0.0
OA H2O CH2 0.0 0.0 1.8 0.0 1.2 0.0 7.049556277 0.6022245583 4.0 0.0 0.0
OA OA OH 0.0 0.0 1.8 0.0 1.2 0.0 7.049556277 0.6022245583 4.0 0.0 0.0
OA OA Na+ 0.0 0.0 1.8 0.0 1.2 0.0 7.049556277 0.6022245583 4.0 0.0 0.0
OA OA H2O 0.0 0.0 1.8 0.0 1.2 0.0 7.049556277 0.6022245583 4.0 0.0 0.0
OA OA OA 0.0 4.0 1.8 0.0 1.2 0.0 7.049556277 0.6022245583 4.0 0.0 0.0
OA OA COA 0.0 0.0 1.8 0.0 1.2 0.0 7.049556277 0.6022245583 4.0 0.0 0.0
OA OA CH2 0.0 0.0 1.8 0.0 1.2 0.0 7.049556277 0.6022245583 4.0 0.0 0.0
OA COA OH 0.0 0.0 1.8 0.0 1.2 0.0 7.049556277 0.6022245583 4.0 0.0 0.0
OA COA Na+ 0.0 0.0 1.8 0.0 1.2 0.0 7.049556277 0.6022245583 4.0 0.0 0.0
OA COA H2O 0.0 0.0 1.8 0.0 1.2 0.0 7.049556277 0.6022245583 4.0 0.0 0.0
OA COA OA 0.0 0.0 1.8 0.0 1.2 0.0 7.049556277 0.6022245583 4.0 0.0 0.0
OA COA COA 0.01 4.2 1.8 0.0 1.2 0.0 7.049556277 0.6022245583 4.0 0.0 0.0
OA COA CH2 0.0 0.0 1.8 0.0 1.2 0.0 7.049556277 0.6022245583 4.0 0.0 0.0
OA CH2 OH 0.0 0.0 1.8 0.0 1.2 0.0 7.049556277 0.6022245583 4.0 0.0 0.0
OA CH2 Na+ 0.0 0.0 1.8 0.0 1.2 0.0 7.049556277 0.6022245583 4.0 0.0 0.0
OA CH2 H2O 0.0 0.0 1.8 0.0 1.2 0.0 7.049556277 0.6022245583 4.0 0.0 0.0
OA CH2 OA 0.0 0.0 1.8 0.0 1.2 0.0 7.049556277 0.6022245583 4.0 0.0 0.0
OA CH2 COA 0.0 0.0 1.8 0.0 1.2 0.0 7.049556277 0.6022245583 4.0 0.0 0.0
OA CH2 CH2 0.38 3.7 1.8 0.0 1.2 0.0 7.049556277 0.6022245583 4.0 0.0 0.0
COA OH OH 0.22 4.0 1.8 0.0 1.2 0.0 7.049556277 0.6022245583 4.0 0.0 0.0
COA OH Na+ 0.0 0.0 1.8 0.0 1.2 0.0 7.049556277 0.6022245583 4.0 0.0 0.0
COA OH H2O 0.0 0.0 1.8 0.0 1.2 0.0 7.049556277 0.6022245583 4.0 0.0 0.0
COA OH OA 0.0 0.0 1.8 0.0 1.2 0.0 7.049556277 0.6022245583 4.0 0.0 0.0
COA OH COA 0.0 0.0 1.8 0.0 1.2 0.0 7.049556277 0.6022245583 4.0 0.0 0.0
COA OH CH2 0.0 0.0 1.8 0.0 1.2 0.0 7.049556277 0.6022245583 4.0 0.0 0.0
COA Na+ OH 0.0 0.0 1.8 0.0 1.2 0.0 7.049556277 0.6022245583 4.0 0.0 0.0
COA Na+ Na+ 0.01 2.6 1.8 0.0 1.2 0.0 7.049556277 0.6022245583 4.0 0.0 0.0
COA Na+ H2O 0.0 0.0 1.8 0.0 1.2 0.0 7.049556277 0.6022245583 4.0 0.0 0.0
COA Na+ OA 0.0 0.0 1.8 0.0 1.2 0.0 7.049556277 0.6022245583 4.0 0.0 0.0
COA Na+ COA 0.0 0.0 1.8 0.0 1.2 0.0 7.049556277 0.6022245583 4.0 0.0 0.0
COA Na+ CH2 0.0 0.0 1.8 0.0 1.2 0.0 7.049556277 0.6022245583 4.0 0.0 0.0
COA H2O OH 0.0 0.0 1.8 0.0 1.2 0.0 7.049556277 0.6022245583 4.0 0.0 0.0
COA H2O Na+ 0.0 0.0 1.8 0.0 1.2 0.0 7.049556277 0.6022245583 4.0 0.0 0.0
COA H2O H2O 1.3 3.7 1.8 0.0 1.2 0.0 7.049556277 0.6022245583 4.0 0.0 0.0
COA H2O OA 0.0 0.0 1.8 0.0 1.2 0.0 7.049556277 0.6022245583 4.0 0.0 0.0
COA H2O COA 0.0 0.0 1.8 0.0 1.2 0.0 7.049556277 0.6022245583 4.0 0.0 0.0
COA H2O CH2 0.0 0.0 1.8 0.0 1.2 0.0 7.049556277 0.6022245583 4.0 0.0 0.0
COA OA OH 0.0 0.0 1.8 0.0 1.2 0.0 7.049556277 0.6022245583 4.0 0.0 0.0
COA OA Na+ 0.0 0.0 1.8 0.0 1.2 0.0 7.049556277 0.6022245583 4.0 0.0 0.0
COA OA H2O 0.0 0.0 1.8 0.0 1.2 0.0 7.049556277 0.6022245583 4.0 0.0 0.0
COA OA OA 0.01 4.2 1.8 0.0 1.2 0.0 7.049556277 0.6022245583 4.0 0.0 0.0
COA OA COA 0.0 0.0 1.8 0.0 1.2 0.0 7.049556277 0.6022245583 4.0 0.0 0.0
COA OA CH2 0.0 0.0 1.8 0.0 1.2 0.0 7.049556277 0.6022245583 4.0 0.0 0.0
COA COA OH 0.0 0.0 1.8 0.0 1.2 0.0 7.049556277 0.6022245583 4.0 0.0 0.0
COA COA Na+ 0.0 0.0 1.8 0.0 1.2 0.0 7.049556277 0.6022245583 4.0 0.0 0.0
COA COA H2O 0.0 0.0 1.8 0.0 1.2 0.0 7.049556277 0.6022245583 4.0 0.0 0.0
COA COA OA 0.0 0.0 1.8 0.0 1.2 0.0 7.049556277 0.6022245583 4.0 0.0 0.0
COA COA COA 0.01 4.2 1.8 0.0 1.2 0.0 7.049556277 0.6022245583 4.0 0.0 0.0
COA COA CH2 0.0 0.0 1.8 0.0 1.2 0.0 7.049556277 0.6022245583 4.0 0.0 0.0
COA CH2 OH 0.0 0.0 1.8 0.0 1.2 0.0 7.049556277 0.6022245583 4.0 0.0 0.0
COA CH2 Na+ 0.0 0.0 1.8 0.0 1.2 0.0 7.049556277 0.6022245583 4.0 0.0 0.0
COA CH2 H2O 0.0 0.0 1.8 0.0 1.2 0.0 7.049556277 0.6022245583 4.0 0.0 0.0
COA CH2 OA 0.0 0.0 1.8 0.0 1.2 0.0 7.049556277 0.6022245583 4.0 0.0 0.0
COA CH2 COA 0.0 0.0 1.8 0.0 1.2 0.0 7.049556277 0.6022245583 4.0 0.0 0.0
COA CH2 CH2 0.18 4.7 1.8 0.0 1.2 0.0 7.049556277 0.6022245583 4.0 0.0 0.0
CH2 OH OH 0.12 3.7 1.8 0.0 1.2 0.0 7.049556277 0.6022245583 4.0 0.0 0.0
CH2 OH Na+ 0.0 0.0 1.8 0.0 1.2 0.0 7.049556277 0.6022245583 4.0 0.0 0.0
CH2 OH H2O 0.0 0.0 1.8 0.0 1.2 0.0 7.049556277 0.6022245583 4.0 0.0 0.0
CH2 OH OA 0.0 0.0 1.8 0.0 1.2 0.0 7.049556277 0.6022245583 4.0 0.0 0.0
CH2 OH COA 0.0 0.0 1.8 0.0 1.2 0.0 7.049556277 0.6022245583 4.0 0.0 0.0
CH2 OH CH2 0.0 0.0 1.8 0.0 1.2 0.0 7.049556277 0.6022245583 4.0 0.0 0.0
CH2 Na+ OH 0.0 0.0 1.8 0.0 1.2 0.0 7.049556277 0.6022245583 4.0 0.0 0.0
CH2 Na+ Na+ 0.14 3.8 1.8 0.0 1.2 0.0 7.049556277 0.6022245583 4.0 0.0 0.0
CH2 Na+ H2O 0.0 0.0 1.8 0.0 1.2 0.0 7.049556277 0.6022245583 4.0 0.0 0.0
CH2 Na+ OA 0.0 0.0 1.8 0.0 1.2 0.0 7.049556277 0.6022245583 4.0 0.0 0.0
CH2 Na+ COA 0.0 0.0 1.8 0.0 1.2 0.0 7.049556277 0.6022245583 4.0 0.0 0.0
CH2 Na+ CH2 0.0 0.0 1.8 0.0 1.2 0.0 7.049556277 0.6022245583 4.0 0.0 0.0
CH2 H2O OH 0.0 0.0 1.8 0.0 1.2 0.0 7.049556277 0.6022245583 4.0 0.0 0.0
CH2 H2O Na+ 0.0 0.0 1.8 0.0 1.2 0.0 7.049556277 0.6022245583 4.0 0.0 0.0
CH2 H2O H2O 0.1222 4.29 1.8 0.0 1.2 0.0 7.049556277 0.6022245583 4.0 0.0 0.0
CH2 H2O OA 0.0 0.0 1.8 0.0 1.2 0.0 7.049556277 0.6022245583 4.0 0.0 0.0
CH2 H2O COA 0.0 0.0 1.8 0.0 1.2 0.0 7.049556277 0.6022245583 4.0 0.0 0.0
CH2 H2O CH2 0.0 0.0 1.8 0.0 1.2 0.0 7.049556277 0.6022245583 4.0 0.0 0.0
CH2 OA OH 0.0 0.0 1.8 0.0 1.2 0.0 7.049556277 0.6022245583 4.0 0.0 0.0
CH2 OA Na+ 0.0 0.0 1.8 0.0 1.2 0.0 7.049556277 0.6022245583 4.0 0.0 0.0
CH2 OA H2O 0.0 0.0 1.8 0.0 1.2 0.0 7.049556277 0.6022245583 4.0 0.0 0.0
CH2 OA OA 0.38 3.7 1.8 0.0 1.2 0.0 7.049556277 0.6022245583 4.0 0.0 0.0
CH2 OA COA 0.0 0.0 1.8 0.0 1.2 0.0 7.049556277 0.6022245583 4.0 0.0 0.0
CH2 OA CH2 0.0 0.0 1.8 0.0 1.2 0.0 7.049556277 0.6022245583 4.0 0.0 0.0
CH2 COA OH 0.0 0.0 1.8 0.0 1.2 0.0 7.049556277 0.6022245583 4.0 0.0 0.0
CH2 COA Na+ 0.0 0.0 1.8 0.0 1.2 0.0 7.049556277 0.6022245583 4.0 0.0 0.0
CH2 COA H2O 0.0 0.0 1.8 0.0 1.2 0.0 7.049556277 0.6022245583 4.0 0.0 0.0
CH2 COA OA 0.0 0.0 1.8 0.0 1.2 0.0 7.049556277 0.6022245583 4.0 0.0 0.0
CH2 COA COA 0.18 4.7 1.8 0.0 1.2 0.0 7.049556277 0.6022245583 4.0 0.0 0.0
CH2 COA CH2 0.0 0.0 1.8 0.0 1.2 0.0 7.049556277 0.6022245583 4.0 0.0 0.0
CH2 CH2 OH 0.0 0.0 1.8 0.0 1.2 0.0 7.049556277 0.6022245583 4.0 0.0 0.0
CH2 CH2 Na+ 0.0 0.0 1.8 0.0 1.2 0.0 7.049556277 0.6022245583 4.0 0.0 0.0
CH2 CH2 H2O 0.0 0.0 1.8 0.0 1.2 0.0 7.049556277 0.6022245583 4.0 0.0 0.0
CH2 CH2 OA 0.0 0.0 1.8 0.0 1.2 0.0 7.049556277 0.6022245583 4.0 0.0 0.0
CH2 CH2 COA 0.0 0.0 1.8 0.0 1.2 0.0 7.049556277 0.6022245583 4.0 0.0 0.0
CH2 CH2 CH2 0.072 5.08 1.8 0.0 1.2 0.0 7.049556277 0.6022245583 4.0 0.0 0.0
